10191
15102
12841
20188
28709
3692
25918
30880
3805
26291
11728
22617
23480
13730
21236
15672
22315
23520
22812
24460
5670
9837
18572
26116
16828
15572
1801
31399
4113
30341
21210
3486
13939
21090
24824
22714
16841
12267
1153
22789
4644
3201
28278
5202
10610
2854
27766
24430
18047
30541
8175
16934
20786
23908
467
776
16189
27139
27833
31772
16784
1520
21859
31427
6603
32069
24714
16519
28940
31650
1714
9470
16929
12864
5804
5944
24201
5877
12381
14305
20938
17335
17955
23446
27947
10444
5829
8420
23280
17195
29659
28073
2141
8244
29610
9716
28910
17715
7445
1523
17791
6527
6434
5229
15441
2615
20673
20282
5683
11524
2018
4832
20094
16187
17373
25594
26362
18128
15368
13441
13805
25322
31214
6510
4933
19668
1290
4243
15171
20341
19091
13178
5310
22482
15091
12334
9976
805
11979
9912
31802
25470
5289
29919
29685
3826
21166
23779
23981
3473
20138
6517
25624
78
5022
10880
30421
15213
7782
31192
493
8360
1343
1757
12913
14722
16737
21708
20106
23855
20969
21116
32132
31737
7185
10774
10579
17428
7599
30915
2214
24150
3549
15082
28016
31168
16249
9981
22214
31595
13003
27246
6224
26199
7014
543
19030
29655
16957
28422
4340
13905
973
12780
13838
1011
26969
3865
21193
11676
24846
8116
32282
2287
14769
8856
20685
21366
5965
26345
27989
9722
26389
19304
8487
9315
25507
8706
29165
11229
29027
17351
26929
14410
13781
22585
14669
28596
6444
22595
14469
22556
21008
9620
11643
4476
9608
13169
30134
12841
24587
9022
25112
15575
1035
4653
26401
19768
11166
14369
447
23479
28109
23953
26170
5678
21070
7462
13509
5849
11515
13522
25577
24989
3443
2024
16111
31889
5222
21261
9410
16474
26602
23600
4031
18517
32030
19897
11567
28919
28305
32486
19779
29929
29333
13251
32572
16894
19121
27381
5932
818
26422
8061
21616
3732
22571
29758
19731
19253
12393
25796
14779
14591
11892
18325
13395
15872
7764
19932
17107
24626
7949
11893
15274
15778
219
25547
17848
20865
3063
12141
16819
30806
5513
29433
23596
20400
18257
20745
15615
17967
20057
18984
16482
6386
28837
26753
2218
28691
2359
4121
30174
21769
17415
11143
26854
2152
3278
17733
24656
24324
3683
16884
7143
26755
2041
31482
29738
9890
1537
14275
1814
27067
5419
23209
10192
412
16075
7709
4060
28679
7340
3847
9503
13304
28185
24630
12341
5448
20845
32405
8114
1240
11184
23452
28913
29050
5743
24922
32180
25537
8667
18461
28612
23613
18753
20373
25074
31298
17404
3448
24398
2196
13446
30172
28332
28466
27284
16069
12340
20690
15573
22178
18227
8441
29146
24041
31014
14728
6470
20057
19222
14370
21005
1596
22664
1404
15923
12438
27313
12489
5595
997
21134
28439
20467
4329
22828
29120
5525
2463
17195
28059
26144
18904
11714
12141
18130
7529
2197
1935
22722
23690
72
10179
11812
25025
22649
10369
18576
29260
4012
3740
10230
7242
23245
24787
22664
24892
25922
26247
18956
6510
4345
23625
30316
17283
24975
3586
20160
13357
5793
18543
10593
10349
7831
22334
21991
20989
22370
3603
7290
16715
25415
31896
30951
12253
25520
26360
18191
14905
2079
25230
31686
2869
19620
17472
30460
21442
3589
9603
19994
19706
14412
16266
169
23293
12401
29946
1254
7915
3644
13250
3727
30618
20661
20338
23553
26524
16717
20179
15588
15241
22156
2331
19851
4063
10953
9427
19503
19644
2327
17872
2991
13446
22217
22740
24485
31595
19119
15781
11615
25251
19058
10398
13326
3704
642
18159
4030
13997
7515
26102
8797
8574
1680
22574
18886
9054
4221
976
23665
8469
4796
13563
20514
119
3365
12940
11950
21992
8501
14021
28430
11718
22207
20649
5490
6837
25399
13882
12508
31556
17449
31353
13407
19623
7816
11663
9045
22283
19997
23661
12715
21867
25780
29940
29361
19951
3538
4203
8668
4418
16364
16713
9425
7205
23825
1931
28673
31791
4929
20372
5079
11417
8224
17380
15773
15602
15819
28685
5300
21879
10688
5050
16432
4839
7600
17755
1711
1741
3979
8026
26788
27571
14927
8844
16143
12535
13579
31096
15395
10347
16441
2786
5275
23442
2440
19416
23387
26592
13526
25296
26734
12796
16552
5924
18876
24774
4384
20192
32096
22363
8354
30057
16639
13023
28862
21498
22984
24345
4339
24405
19777
5895
27242
27906
19559
7665
26981
1618
12259
24979
2018
11430
18165
6439
25017
24610
24528
26969
30890
32425
10837
24484
15013
20092
18110
31268
3492
3884
16598
12183
5440
21179
2518
22912
28501
28371
2431
29929
2778
9894
26206
22642
15341
25519
32047
18328
26203
32292
4849
17491
10394
17080
28529
5369
32292
9794
27702
29459
6983
22561
4420
3269
5517
1268
21216
29496
2458
26499
23567
512
23522
24572
11029
3132
21650
22406
12028
11975
13971
4147
11019
30400
17996
21845
23675
7622
27170
31290
4538
22285
22250
8499
11128
394
13603
17769
7036
552
15289
30172
17735
19522
15241
19933
29543
619
17847
10088
11451
26623
6558
30466
20559
29336
3579
28521
751
11199
17135
1986
24698
29740
12520
26646
12172
5149
2933
14581
4441
31828
8440
11368
28721
19907
17336
3562
8732
7163
4654
13687
15194
13440
16478
26651
21890
19847
29991
24238
11589
11631
975
13416
20114
29193
12408
21264
24172
1924
30285
21051
17660
11990
32487
32751
24653
6239
7252
810
18547
10992
6793
12771
15241
8484
30251
1366
30937
1494
25966
22733
10
15037
60
32081
27622
24457
22588
24934
5787
9206
3243
27838
15655
26929
4941
21326
15530
23227
16645
18567
21666
23581
890
31959
8073
30953
13210
25794
14351
26194
17799
16719
13738
24590
20994
10575
11712
9798
19109
18006
26831
11921
25306
26133
31292
5257
20362
3630
28714
653
8672
13338
11117
12478
11332
13135
8906
10951
31222
12403
26219
8056
7623
6341
14206
27297
7199
19405
15282
13357
6593
22961
9852
12679
13344
12987
11673
11165
23884
15807
32177
1650
23775
25206
20904
32084
13848
26457
1479
28474
25714
4171
12981
6178
31035
16290
22155
18799
6407
19835
32458
4419
25175
16081
3554
4757
30982
13166
3042
12043
12401
32641
12087
29422
2145
8364
5106
10691
26865
11357
13318
1074
1862
7558
26018
9616
