10
60
72
78
119
169
219
394
412
447
467
493
512
543
552
619
642
653
751
776
805
810
818
890
973
975
976
997
1011
1035
1074
1153
1240
1254
1268
1290
1343
1366
1404
1479
1494
1520
1523
1537
1596
1618
1650
1680
1711
1714
1741
1757
1801
1814
1862
1924
1931
1935
1986
2018
2018
2024
2041
2079
2141
2145
2152
2196
2197
2214
2218
2287
2327
2331
2359
2431
2440
2458
2463
2518
2615
2778
2786
2854
2869
2933
2991
3042
3063
3132
3201
3243
3269
3278
3365
3443
3448
3473
3486
3492
3538
3549
3554
3562
3579
3586
3589
3603
3630
3644
3683
3692
3704
3727
3732
3740
3805
3826
3847
3865
3884
3979
4012
4030
4031
4060
4063
4113
4121
4147
4171
4203
4221
4243
4329
4339
4340
4345
4384
4418
4419
4420
4441
4476
4538
4644
4653
4654
4757
4796
4832
4839
4849
4929
4933
4941
5022
5050
5079
5106
5149
5202
5222
5229
5257
5275
5289
5300
5310
5369
5419
5440
5448
5490
5513
5517
5525
5595
5670
5678
5683
5743
5787
5793
5804
5829
5849
5877
5895
5924
5932
5944
5965
6178
6224
6239
6341
6386
6407
6434
6439
6444
6470
6510
6510
6517
6527
6558
6593
6603
6793
6837
6983
7014
7036
7143
7163
7185
7199
7205
7242
7252
7290
7340
7445
7462
7515
7529
7558
7599
7600
7622
7623
7665
7709
7764
7782
7816
7831
7915
7949
8026
8056
8061
8073
8114
8116
8175
8224
8244
8354
8360
8364
8420
8440
8441
8469
8484
8487
8499
8501
8574
8667
8668
8672
8706
8732
8797
8844
8856
8906
9022
9045
9054
9206
9315
9410
9425
9427
9470
9503
9603
9608
9616
9620
9716
9722
9794
9798
9837
9852
9890
9894
9912
9976
9981
10088
10179
10191
10192
10230
10347
10349
10369
10394
10398
10444
10575
10579
10593
10610
10688
10691
10774
10837
10880
10951
10953
10992
11019
11029
11117
11128
11143
11165
11166
11184
11199
11229
11332
11357
11368
11417
11430
11451
11515
11524
11567
11589
11615
11631
11643
11663
11673
11676
11712
11714
11718
11728
11812
11892
11893
11921
11950
11975
11979
11990
12028
12043
12087
12141
12141
12172
12183
12253
12259
12267
12334
12340
12341
12381
12393
12401
12401
12403
12408
12438
12478
12489
12508
12520
12535
12679
12715
12771
12780
12796
12841
12841
12864
12913
12940
12981
12987
13003
13023
13135
13166
13169
13178
13210
13250
13251
13304
13318
13326
13338
13344
13357
13357
13395
13407
13416
13440
13441
13446
13446
13509
13522
13526
13563
13579
13603
13687
13730
13738
13781
13805
13838
13848
13882
13905
13939
13971
13997
14021
14206
14275
14305
14351
14369
14370
14410
14412
14469
14581
14591
14669
14722
14728
14769
14779
14905
14927
15013
15037
15082
15091
15102
15171
15194
15213
15241
15241
15241
15274
15282
15289
15341
15368
15395
15441
15530
15572
15573
15575
15588
15602
15615
15655
15672
15773
15778
15781
15807
15819
15872
15923
16069
16075
16081
16111
16143
16187
16189
16249
16266
16290
16364
16432
16441
16474
16478
16482
16519
16552
16598
16639
16645
16713
16715
16717
16719
16737
16784
16819
16828
16841
16884
16894
16929
16934
16957
17080
17107
17135
17195
17195
17283
17335
17336
17351
17373
17380
17404
17415
17428
17449
17472
17491
17660
17715
17733
17735
17755
17769
17791
17799
17847
17848
17872
17955
17967
17996
18006
18047
18110
18128
18130
18159
18165
18191
18227
18257
18325
18328
18461
18517
18543
18547
18567
18572
18576
18753
18799
18876
18886
18904
18956
18984
19030
19058
19091
19109
19119
19121
19222
19253
19304
19405
19416
19503
19522
19559
19620
19623
19644
19668
19706
19731
19768
19777
19779
19835
19847
19851
19897
19907
19932
19933
19951
19994
19997
20057
20057
20092
20094
20106
20114
20138
20160
20179
20188
20192
20282
20338
20341
20362
20372
20373
20400
20467
20514
20559
20649
20661
20673
20685
20690
20745
20786
20845
20865
20904
20938
20969
20989
20994
21005
21008
21051
21070
21090
21116
21134
21166
21179
21193
21210
21216
21236
21261
21264
21326
21366
21442
21498
21616
21650
21666
21708
21769
21845
21859
21867
21879
21890
21991
21992
22155
22156
22178
22207
22214
22217
22250
22283
22285
22315
22334
22363
22370
22406
22482
22556
22561
22571
22574
22585
22588
22595
22617
22642
22649
22664
22664
22714
22722
22733
22740
22789
22812
22828
22912
22961
22984
23209
23227
23245
23280
23293
23387
23442
23446
23452
23479
23480
23520
23522
23553
23567
23581
23596
23600
23613
23625
23661
23665
23675
23690
23775
23779
23825
23855
23884
23908
23953
23981
24041
24150
24172
24201
24238
24324
24345
24398
24405
24430
24457
24460
24484
24485
24528
24572
24587
24590
24610
24626
24630
24653
24656
24698
24714
24774
24787
24824
24846
24892
24922
24934
24975
24979
24989
25017
25025
25074
25112
25175
25206
25230
25251
25296
25306
25322
25399
25415
25470
25507
25519
25520
25537
25547
25577
25594
25624
25714
25780
25794
25796
25918
25922
25966
26018
26102
26116
26133
26144
26170
26194
26199
26203
26206
26219
26247
26291
26345
26360
26362
26389
26401
26422
26457
26499
26524
26592
26602
26623
26646
26651
26734
26753
26755
26788
26831
26854
26865
26929
26929
26969
26969
26981
27067
27139
27170
27242
27246
27284
27297
27313
27381
27571
27622
27702
27766
27833
27838
27906
27947
27989
28016
28059
28073
28109
28185
28278
28305
28332
28371
28422
28430
28439
28466
28474
28501
28521
28529
28596
28612
28673
28679
28685
28691
28709
28714
28721
28837
28862
28910
28913
28919
28940
29027
29050
29120
29146
29165
29193
29260
29333
29336
29361
29422
29433
29459
29496
29543
29610
29655
29659
29685
29738
29740
29758
29919
29929
29929
29940
29946
29991
30057
30134
30172
30172
30174
30251
30285
30316
30341
30400
30421
30460
30466
30541
30618
30806
30880
30890
30915
30937
30951
30953
30982
31014
31035
31096
31168
31192
31214
31222
31268
31290
31292
31298
31353
31399
31427
31482
31556
31595
31595
31650
31686
31737
31772
31791
31802
31828
31889
31896
31959
32030
32047
32069
32081
32084
32096
32132
32177
32180
32282
32292
32292
32405
32425
32458
32486
32487
32572
32641
32751
